,maternal_age,infant_sex_encoded,smoking_encoded,hispanic/latino,race_white,race_black,race_asian
maternal_age,1.0,-0.03856998274904211,0.03513339252682791,0.10641505550546691,0.09896212665483356,-0.06760563956113241,0.00418463061035446
infant_sex_encoded,-0.03856998274904211,1.0,-0.059807906452009965,-0.07521185247293799,-0.0432645921934905,0.0035100194513053243,0.013387559031878344
smoking_encoded,0.03513339252682791,-0.059807906452009965,1.0,-0.036860489038724284,-0.0954973624407936,0.13454215981606824,-0.031060494349509547
hispanic/latino,0.10641505550546691,-0.07521185247293799,-0.036860489038724284,1.0,0.0035200794814759526,-0.05244306462729605,-0.017555210176447632
race_white,0.09896212665483356,-0.0432645921934905,-0.0954973624407936,0.0035200794814759526,1.0,-0.8595150867266605,-0.2877209427890775
race_black,-0.06760563956113241,0.0035100194513053243,0.13454215981606824,-0.05244306462729605,-0.8595150867266605,1.0,-0.044191153047802
race_asian,0.00418463061035446,0.013387559031878344,-0.031060494349509547,-0.017555210176447632,-0.2877209427890775,-0.044191153047802,1.0
