version https://git-lfs.github.com/spec/v1
oid sha256:f14e63d1fc6a5fe10edf5dc3b0e5e70099e548cd369c9d33425a897fbe75fb23
size 163081
