,maternal age,infant_sex_encoded,prepregnancy BMI self or record,smoking_encoded,HISPANIC/LATINO,race_WHITE,race_BLACK,race_ASIAN
maternal age,1.0,-0.05147495699058582,-0.02826441085921372,0.0385049168864082,0.10824783154805631,0.1088424062364528,-0.08005727691189031,0.005439300231285452
infant_sex_encoded,-0.05147495699058582,1.0,-0.026386772723666765,-0.06073777442769736,-0.07580920485758327,-0.03485941241225919,-0.005997671961923586,0.013021313269135516
prepregnancy BMI self or record,-0.02826441085921372,-0.026386772723666765,1.0,0.1135640661087711,-0.053339392060836266,-0.047102898907400124,0.11163040615145574,-0.12806979366283897
smoking_encoded,0.0385049168864082,-0.06073777442769736,0.1135640661087711,1.0,-0.0369729197081083,-0.09807882657642532,0.13814885674866445,-0.0311549589166615
HISPANIC/LATINO,0.10824783154805631,-0.07580920485758327,-0.053339392060836266,-0.0369729197081083,1.0,0.002542659777641513,-0.05186060820711269,-0.017607458287894256
race_WHITE,0.1088424062364528,-0.03485941241225919,-0.047102898907400124,-0.09807882657642532,0.002542659777641513,1.0,-0.8569833725770978,-0.29095877406236614
race_BLACK,-0.08005727691189031,-0.005997671961923586,0.11163040615145574,0.13814885674866445,-0.05186060820711269,-0.8569833725770978,1.0,-0.043699960155739105
race_ASIAN,0.005439300231285452,0.013021313269135516,-0.12806979366283897,-0.0311549589166615,-0.017607458287894256,-0.29095877406236614,-0.043699960155739105,1.0
